x [mm]	V = V_dir _ V_fondo [V]	_ (voltaggio misurato) [V]	sigma x
142	6.67	0.008164966	0.115470054
143	6.22	0.008164966	0.115470054
144	6	0.008164966	0.115470054
145	5.81	0.008164966	0.115470054
146	5.57	0.008164966	0.115470054
147	5.34	0.008164966	0.115470054
148	5.17	0.008164966	0.115470054
149	5	0.008164966	0.115470054
150	4.8	0.008164966	0.115470054
151	4.62	0.008164966	0.115470054
152	4.45	0.008164966	0.115470054
153	4.32	0.008164966	0.115470054
154	4.21	0.008164966	0.115470054
155	4.05	0.008164966	0.115470054
156	3.85	0.008164966	0.115470054
157	3.79	0.008164966	0.115470054
158	3.76	0.008164966	0.115470054
159	3.55	0.008164966	0.115470054
160	3.42	0.008164966	0.115470054
161	3.27	0.008164966	0.115470054
162	3.18	0.008164966	0.115470054
163	3.13	0.008164966	0.115470054
164	3.04	0.008164966	0.115470054
165	2.92	0.008164966	0.115470054
166	2.81	0.008164966	0.115470054
167	2.75	0.008164966	0.115470054
168	2.662	0.008164966	0.115470054
169	2.581	0.008164966	0.115470054
170	2.519	0.008164966	0.115470054
171	2.472	0.008164966	0.115470054
172	2.324	0.008164966	0.115470054
174	2.235	0.008164966	0.115470054
175	2.195	0.008164966	0.115470054
176	2.125	0.008164966	0.115470054
177	2.116	0.008164966	0.115470054
178	2.025	0.008164966	0.115470054
179	1.966	0.008164966	0.115470054
180	1.925	0.008164966	0.115470054
181	1.895	0.008164966	0.115470054
182	1.855	0.008164966	0.115470054
183	1.815	0.008164966	0.115470054
184	1.765	0.008164966	0.115470054
185	1.725	0.008164966	0.115470054
186	1.684	0.008164966	0.115470054
187	1.654	0.008164966	0.115470054
188	1.615	0.008164966	0.115470054
190	1.534	0.008164966	0.115470054
191	1.47	0.008164966	0.115470054
192	1.485	0.008164966	0.115470054
193	1.454	0.008164966	0.115470054
194	1.414	0.008164966	0.115470054
195	1.394	0.008164966	0.115470054
196	1.365	0.008164966	0.115470054
197	1.345	0.008164966	0.115470054
198	1.304	0.008164966	0.115470054
199	1.284	0.008164966	0.115470054
200	1.264	0.008164966	0.115470054
201	1.234	0.008164966	0.115470054
202	1.214	0.008164966	0.115470054
203	1.195	0.008164966	0.115470054
204	1.164	0.008164966	0.115470054
205	1.145	0.008164966	0.115470054
206	1.124	0.008164966	0.115470054
207	1.105	0.008164966	0.115470054
208	1.095	0.008164966	0.115470054
209	1.078	0.008164966	0.115470054
210	1.061	0.008164966	0.115470054
211	1.041	0.008164966	0.115470054
212	1.02	0.008164966	0.115470054
213	1.005	0.008164966	0.115470054
214	0.986	0.008164966	0.115470054
215	0.968	0.008164966	0.115470054
216	0.951	0.008164966	0.115470054
217	0.942	0.008164966	0.115470054
218	0.92	0.008164966	0.115470054
219	0.909	0.008164966	0.115470054
220	0.892	0.008164966	0.115470054
221	0.878	0.008164966	0.115470054
222	0.866	0.008164966	0.115470054
223	0.856	0.008164966	0.115470054
224	0.842	0.008164966	0.115470054
225	0.827	0.008164966	0.115470054
226	0.815	0.008164966	0.115470054
227	0.803	0.008164966	0.115470054
228	0.79	0.008164966	0.115470054
229	0.777	0.008164966	0.115470054
230	0.767	0.008164966	0.115470054
231	0.755	0.008164966	0.115470054
232	0.745	0.008164966	0.115470054
233	0.736	0.008164966	0.115470054
234	0.725	0.008164966	0.115470054
235	0.713	0.008164966	0.115470054
236	0.701	0.008164966	0.115470054
237	0.694	0.008164966	0.115470054
238	0.683	0.008164966	0.115470054
239	0.672	0.008164966	0.115470054
240	0.667	0.008164966	0.115470054
241	0.655	0.008164966	0.115470054
242	0.646	0.008164966	0.115470054
243	0.638	0.008164966	0.115470054
244	0.629	0.008164966	0.115470054
245	0.622	0.008164966	0.115470054
246	0.611	0.008164966	0.115470054
247	0.604	0.008164966	0.115470054
248	0.597	0.008164966	0.115470054
249	0.591	0.008164966	0.115470054
250	0.582	0.008164966	0.115470054
251	0.573	0.008164966	0.115470054
252	0.566	0.008164966	0.115470054
253	0.561	0.008164966	0.115470054
254	0.551	0.008164966	0.115470054
255	0.547	0.008164966	0.115470054
256	0.54	0.008164966	0.115470054
257	0.532	0.008164966	0.115470054
258	0.526	0.008164966	0.115470054
259	0.52	0.008164966	0.115470054
260	0.514	0.008164966	0.115470054
262	0.503	0.008164966	0.115470054
264	0.491	0.008164966	0.115470054
266	0.477	0.008164966	0.115470054
268	0.468	0.008164966	0.115470054
270	0.46	0.008164966	0.115470054
272	0.447	0.008164966	0.115470054
274	0.438	0.008164966	0.115470054
276	0.428	0.008164966	0.115470054
280	0.41	0.008164966	0.115470054
282	0.402	0.008164966	0.115470054
284	0.394	0.008164966	0.115470054
286	0.385	0.008164966	0.115470054
288	0.378	0.008164966	0.115470054
290	0.371	0.008164966	0.115470054
292	0.362	0.008164966	0.115470054
294	0.354	0.008164966	0.115470054
296	0.348	0.008164966	0.115470054
298	0.341	0.008164966	0.115470054
300	0.335	0.008164966	0.115470054
302	0.328	0.008164966	0.115470054
304	0.322	0.008164966	0.115470054
306	0.314	0.008164966	0.115470054
308	0.309	0.008164966	0.115470054
310	0.303	0.008164966	0.115470054
312	0.298	0.008164966	0.115470054
314	0.293	0.008164966	0.115470054
316	0.288	0.008164966	0.115470054
318	0.283	0.008164966	0.115470054
320	0.277	0.008164966	0.115470054
322	0.272	0.008164966	0.115470054
324	0.268	0.008164966	0.115470054
326	0.262	0.008164966	0.115470054
328	0.258	0.008164966	0.115470054
330	0.253	0.008164966	0.115470054
332	0.249	0.008164966	0.115470054
334	0.246	0.008164966	0.115470054
336	0.242	0.008164966	0.115470054
338	0.238	0.008164966	0.115470054
340	0.234	0.008164966	0.115470054
342	0.23	0.008164966	0.115470054
344	0.227	0.008164966	0.115470054
346	0.222	0.008164966	0.115470054
348	0.219	0.008164966	0.115470054
350	0.216	0.008164966	0.115470054
352	0.213	0.008164966	0.115470054
354	0.209	0.008164966	0.115470054
356	0.206	0.008164966	0.115470054
358	0.203	0.008164966	0.115470054
360	0.201	0.008164966	0.115470054
362	0.197	0.008164966	0.115470054
364	0.194	0.008164966	0.115470054
366	0.192	0.008164966	0.115470054
368	0.189	0.008164966	0.115470054
370	0.186	0.008164966	0.115470054
372	0.183	0.008164966	0.115470054
374	0.181	0.008164966	0.115470054
376	0.178	0.008164966	0.115470054
378	0.176	0.008164966	0.115470054
380	0.173	0.008164966	0.115470054
382	0.171	0.008164966	0.115470054
384	0.169	0.008164966	0.115470054
386	0.167	0.008164966	0.115470054
388	0.164	0.008164966	0.115470054
390	0.162	0.008164966	0.115470054
392	0.159	0.008164966	0.115470054
394	0.158	0.008164966	0.115470054
396	0.155	0.008164966	0.115470054
398	0.153	0.008164966	0.115470054
400	0.152	0.008164966	0.115470054
402	0.148	0.008164966	0.115470054
404	0.147	0.008164966	0.115470054
406	0.145	0.008164966	0.115470054
408	0.144	0.008164966	0.115470054
410	0.142	0.008164966	0.115470054
412	0.14	0.008164966	0.115470054
414	0.139	0.008164966	0.115470054
416	0.137	0.008164966	0.115470054
418	0.136	0.008164966	0.115470054
420	0.133	0.008164966	0.115470054
422	0.131	0.008164966	0.115470054
424	0.13	0.008164966	0.115470054
426	0.129	0.008164966	0.115470054
428	0.127	0.008164966	0.115470054
430	0.125	0.008164966	0.115470054
432	0.124	0.008164966	0.115470054
434	0.122	0.008164966	0.115470054
436	0.121	0.008164966	0.115470054
438	0.119	0.008164966	0.115470054
440	0.118	0.008164966	0.115470054
442	0.116	0.008164966	0.115470054
444	0.115	0.008164966	0.115470054
446	0.114	0.008164966	0.115470054
448	0.113	0.008164966	0.115470054
450	0.112	0.008164966	0.115470054
452	0.11	0.008164966	0.115470054
454	0.109	0.008164966	0.115470054
456	0.108	0.008164966	0.115470054
458	0.107	0.008164966	0.115470054
460	0.106	0.008164966	0.115470054
465	0.103	0.008164966	0.115470054
470	0.1	0.008164966	0.115470054
475	0.097	0.008164966	0.115470054
480	0.095	0.008164966	0.115470054
485	0.093	0.008164966	0.115470054
490	0.09	0.008164966	0.115470054
495	0.088	0.008164966	0.115470054
500	0.086	0.008164966	0.115470054
505	0.084	0.008164966	0.115470054
510	0.082	0.008164966	0.115470054
515	0.08	0.008164966	0.115470054
520	0.078	0.008164966	0.115470054
525	0.075	0.008164966	0.115470054
530	0.074	0.008164966	0.115470054
535	0.073	0.008164966	0.115470054
540	0.071	0.008164966	0.115470054
545	0.069	0.008164966	0.115470054
550	0.068	0.008164966	0.115470054
555	0.066	0.008164966	0.115470054
560	0.065	0.008164966	0.115470054
565	0.064	0.008164966	0.115470054
570	0.062	0.008164966	0.115470054
575	0.061	0.008164966	0.115470054
580	0.06	0.008164966	0.115470054
585	0.059	0.008164966	0.115470054
590	0.058	0.008164966	0.115470054
595	0.057	0.008164966	0.115470054
600	0.056	0.008164966	0.115470054
605	0.055	0.008164966	0.115470054
610	0.054	0.008164966	0.115470054
615	0.053	0.008164966	0.115470054
620	0.052	0.008164966	0.115470054
625	0.051	0.008164966	0.115470054
630	0.05	0.008164966	0.115470054
635	0.049	0.008164966	0.115470054
640	0.048	0.008164966	0.115470054
645	0.047	0.008164966	0.115470054
650	0.046	0.008164966	0.115470054
655	0.045	0.008164966	0.115470054
660	0.045	0.008164966	0.115470054
665	0.044	0.008164966	0.115470054
670	0.043	0.008164966	0.115470054
675	0.042	0.008164966	0.115470054
680	0.042	0.008164966	0.115470054
685	0.041	0.008164966	0.115470054
690	0.041	0.005802298	0.115470054
695	0.040666667	0.005802298	0.115470054
700	0.040333333	0.005838093	0.115470054
710	0.040333333	0.005838093	0.115470054
720	0.038	0.005838093	0.115470054
730	0.037666667	0.005887841	0.115470054
740	0.035333333	0.005780715	0.115470054
750	0.035233333	0.005814923	0.115470054
760	0.034233333	0.005818433	0.115470054
770	0.033233333	0.005808327	0.115470054
780	0.0321	0.005808327	0.115470054
790	0.0313	0.005802298	0.115470054
800	0.0306	0.005822084	0.115470054
810	0.029666667	0.005814923	0.115470054
820	0.028833333	0.005814923	0.115470054
830	0.0282	0.005822084	0.115470054
840	0.027233333	0.005796838	0.115470054
850	0.0266	0.005802298	0.115470054
860	0.026066667	0.005818433	0.115470054
870	0.025266667	0.005811555	0.115470054
880	0.0247	0.005811555	0.115470054
890	0.024166667	0.005808327	0.115470054
900	0.0234	0.005802298	0.115470054
920	0.021866667	0.005799497	0.115470054
940	0.0208	0.005796838	0.115470054
960	0.019866667	0.005791948	0.115470054
980	0.018766667	0.005796838	0.115470054
1000	0.018066667	0.005785686	0.115470054
1020	0.017233333	0.005783886	0.115470054
1040	0.0166	0.005783886	0.115470054
1060	0.015966667	0.005782229	0.115470054
1080	0.0157	0.005782229	0.115470054
1100	0.014833333	0.005785686	0.115470054
1120	0.0142	0.005783886	0.115470054
1140	0.0137	0.00578763	0.115470054
1160	0.013266667	0.00578763	0.115470054
1180	0.012766667	0.005789718	0.115470054
1200	0.0123	0.005779345	0.115470054
1230	0.011566667	0.00577812	0.115470054
1250	0.011066667	0.005775307	0.115470054
1300	0.010366667	0.005780715	0.115470054
1350	0.0096	0.005782229	0.115470054
1400	0.0089	0.005779345	0.115470054
1450	0.0082	0.005779345	0.115470054
1500	0.0077	0.005779345	0.115470054
1550	0.0071	0.005779345	0.115470054
1600	0.006733333	0.005779345	0.115470054
1650	0.006266667	0.00577812	0.115470054
1700	0.0057	0.008164966	0.115470054
1750	0.0053	0.008164966	0.115470054
1870	0.004166667	0.005773575	0.115470054
1975	0.003666667	0.005773575	0.115470054